episode,reward,mean_reward
0,1.0,1.0
1,-5.0,-2.0
2,1.0,-1.0
3,1.0,-0.5
4,-4.2999977656847665,-1.2599995531369532
5,1.0,-0.883332960947461
6,-5.0,-1.471428252240681
7,1.0,-1.1624997207105958
8,1.0,-0.9222219739649741
9,-4.0,-1.2299997765684767
10,1.0,-1.0272725241531606
11,-5.0,-1.358333147140397
12,1.0,-1.1769229050526742
13,0.0,-1.0928569832631976
14,-5.0,-1.3533331843789844
15,1.0,-1.2062498603552978
16,1.0,-1.076470456804986
17,-5.0,-1.2944443203158202
18,1.0,-1.173684092930777
19,1.0,-1.0649998882842382
20,-5.0,-1.2523808459849888
21,-5.0,-1.4227271711674894
22,-5.0,-1.5782607724210767
23,-5.0,-1.7208332402368651
24,-4.06377501608257,-1.8145509112706935
25,1.0,-1.7062989531448975
26,-4.841248980685824,-1.8224082134241912
27,-5.0,-1.9358936343733273
28,-4.841318918458314,-2.0360807131348784
29,-5.0,-2.134878022697049
30,-5.0,-2.2273013122874668
31,1.0,-2.1264481462784834
32,1.0,-2.0317072933609537
33,1.0,-1.942539431791514
34,1.0,-1.8584668765974706
35,1.0,-1.7790650189142074
36,1.0,-1.7039551535381479
37,-5.0,-1.7906931758134597
38,-5.0,-1.8729830943823453
39,0.0,-1.8261585170227868
40,-4.0,-1.8791790409978408
41,-4.0,-1.9296747781169397
42,-5.0,-2.001077690253755
43,1.0,-1.9328713791116243
44,-5.0,-2.0010297929091436
45,-5.0,-2.066224797411119
46,-4.0,-2.107368950657691
47,0.0,-2.063465430852322
48,1.0,-2.0009457281818666
49,-4.299923489662124,-2.046925283411472
50,-5.0,-2.104828709226933
51,-5.0,-2.1605050802033383
52,1.0,-2.100872908878747
53,-4.57991966414523,-2.1467811821244225
54,-4.0,-2.18047606972216
55,-5.0,-2.2308247113342645
56,-4.29998692528343,-2.267125802807057
57,-5.0,-2.3142443234483148
58,1.0,-2.2580706908474957
59,-5.0,-2.303769512666704
60,-5.0,-2.3479700124590535
61,1.0,-2.2939704961290683
62,-5.0,-2.336923345396861
63,1.0,-2.284783918125035
64,1.0,-2.2342487809231115
65,1.0,-2.1852450115151854
66,-5.0,-2.2272562800000335
67,1.0,-2.1797966288235626
68,1.0,-2.1337126197101774
69,1.0,-2.0889452965714606
70,-5.0,-2.1299460670422854
71,-4.0,-2.1559190383333644
72,1.0,-2.112687270684962
73,-5.0,-2.151705010270301
74,-5.0,-2.18968227680003
75,1.0,-2.147712773157924
76,1.0,-2.106833386493536
77,-4.840839720372244,-2.141884749748391
78,-5.0,-2.1780634238022087
79,1.0,-2.1383376310046813
80,1.0,-2.099592721979932
81,-4.299923489662124,-2.1264260240248367
82,1.0,-2.088758240602851
83,1.0,-2.0519873091671026
84,1.0,-2.016081576118078
85,-5.0,-2.05077830197717
86,-4.0,-2.0731831490808807
87,-4.57991966414523,-2.101668791297521
88,1.0,-2.066818580159347
89,-5.0,-2.0994094848242426
90,-5.0,-2.1312841058701304
91,1.0,-2.097248409067194
92,1.0,-2.0639446627331384
93,1.0,-2.0313495067466154
94,-4.841318918458314,-2.0609281321330544
95,1.0,-2.0290434640900017
96,1.0,-1.9978162118828884
97,-5.0,-2.0284507403330627
98,1.0,-1.9978603288145471
99,1.0,-1.9678817255264016
