episode,reward,mean_reward
0,0.16666666666666663,0.16666666666666663
1,0.9583333333333333,0.5625
2,0.9583333333333333,0.6944444444444443
3,0.9583333333333333,0.7604166666666665
4,0.9583333333333333,0.7999999999999998
5,0.9583333333333333,0.8263888888888887
6,1.0,0.851190476190476
7,0.9583333333333333,0.8645833333333331
8,0.9166666666666667,0.8703703703703702
9,0.9583333333333333,0.8791666666666667
10,0.9583333333333333,0.8863636363636364
11,0.8333333333333334,0.8819444444444445
12,0.08333333333333331,0.8205128205128206
13,0.12499999999999993,0.7708333333333334
14,0.16666666666666663,0.7305555555555556
15,0.16666666666666663,0.6953125
16,0.9583333333333333,0.7107843137254902
17,0.0,0.6712962962962963
18,0.0,0.6359649122807017
19,0.9583333333333333,0.6520833333333333
20,0.9583333333333333,0.6666666666666667
21,0.9583333333333333,0.6799242424242425
22,0.9583333333333333,0.6920289855072465
23,0.16666666666666663,0.670138888888889
24,0.12499999999999993,0.6483333333333334
25,1.0,0.6618589743589745
26,1.0,0.6743827160493828
27,0.9583333333333333,0.6845238095238095
28,0.9583333333333333,0.6939655172413793
29,0.9583333333333333,0.7027777777777777
30,1.0,0.7123655913978494
31,1.0,0.7213541666666666
32,1.0,0.7297979797979798
33,0.9583333333333333,0.7365196078431372
34,1.0,0.744047619047619
35,0.0,0.7233796296296295
36,1.0,0.7308558558558558
37,0.12499999999999993,0.7149122807017543
38,1.0,0.7222222222222222
39,1.0,0.7291666666666666
40,0.9583333333333333,0.7347560975609755
41,0.041666666666666616,0.7182539682539681
42,1.0,0.7248062015503876
43,0.9583333333333333,0.7301136363636364
44,0.16666666666666663,0.7175925925925926
45,0.9583333333333333,0.7228260869565217
46,0.9583333333333333,0.7278368794326242
47,0.9583333333333333,0.732638888888889
48,0.041666666666666616,0.7185374149659864
49,0.16666666666666663,0.7075
50,0.9583333333333333,0.7124183006535948
51,0.16666666666666663,0.7019230769230769
52,1.0,0.7075471698113207
53,0.12499999999999993,0.6967592592592593
54,1.0,0.7022727272727273
55,0.08333333333333331,0.6912202380952381
56,0.12499999999999993,0.6812865497076024
57,1.0,0.6867816091954023
58,0.12499999999999993,0.6772598870056498
59,0.9583333333333333,0.6819444444444446
60,0.9583333333333333,0.6864754098360657
61,0.9583333333333333,0.6908602150537636
62,0.08333333333333331,0.6812169312169314
63,0.16666666666666663,0.6731770833333335
64,0.16666666666666663,0.6653846153846155
65,1.0,0.6704545454545455
66,1.0,0.6753731343283583
67,1.0,0.6801470588235295
68,0.9583333333333333,0.6841787439613528
69,0.9583333333333333,0.6880952380952383
70,1.0,0.6924882629107982
71,0.9583333333333333,0.6961805555555558
72,0.08333333333333331,0.6877853881278541
73,0.0,0.6784909909909912
74,0.16666666666666663,0.6716666666666669
75,0.16666666666666663,0.6650219298245615
76,1.0,0.6693722943722945
77,0.08333333333333331,0.6618589743589746
78,0.9583333333333333,0.6656118143459918
79,0.9583333333333333,0.6692708333333336
80,0.9166666666666667,0.6723251028806586
81,1.0,0.6763211382113823
82,1.0,0.6802208835341368
83,0.12499999999999993,0.6736111111111113
84,0.7916666666666666,0.6750000000000002
85,0.9583333333333333,0.6782945736434111
86,1.0,0.6819923371647512
87,1.0,0.6856060606060608
88,1.0,0.6891385767790265
89,0.9583333333333333,0.6921296296296299
90,0.16666666666666663,0.6863553113553116
91,0.9583333333333333,0.6893115942028988
92,0.16666666666666663,0.6836917562724016
93,0.16666666666666663,0.6781914893617023
94,1.0,0.6815789473684212
95,0.7916666666666666,0.6827256944444446
96,0.9583333333333333,0.6855670103092785
97,0.08333333333333331,0.679421768707483
98,0.9583333333333333,0.6822390572390573
99,1.0,0.6854166666666667
