episode,reward,mean_reward
0,0.9166666666666667,0.9166666666666667
1,1.0,0.9583333333333334
2,1.0,0.9722222222222223
3,1.0,0.9791666666666667
4,1.0,0.9833333333333334
5,1.0,0.9861111111111112
6,1.0,0.9880952380952381
7,1.0,0.9895833333333334
8,1.0,0.9907407407407409
9,1.0,0.9916666666666668
10,1.0,0.9924242424242425
11,1.0,0.9930555555555557
12,1.0,0.9935897435897437
13,1.0,0.9940476190476192
14,1.0,0.9944444444444446
15,1.0,0.9947916666666667
16,1.0,0.9950980392156863
17,1.0,0.9953703703703705
18,1.0,0.9956140350877194
19,0.9166666666666667,0.9916666666666668
20,1.0,0.9920634920634922
21,1.0,0.9924242424242425
22,1.0,0.9927536231884059
23,1.0,0.9930555555555557
24,1.0,0.9933333333333334
25,1.0,0.9935897435897437
26,1.0,0.9938271604938272
27,1.0,0.9940476190476192
28,1.0,0.9942528735632185
29,1.0,0.9944444444444446
30,1.0,0.9946236559139786
31,1.0,0.9947916666666667
32,1.0,0.994949494949495
33,1.0,0.9950980392156863
34,1.0,0.9952380952380953
35,1.0,0.9953703703703705
36,1.0,0.9954954954954955
37,1.0,0.9956140350877194
38,1.0,0.9957264957264957
39,0.16666666666666663,0.975
40,1.0,0.975609756097561
41,0.9166666666666667,0.9742063492063492
42,1.0,0.9748062015503876
43,0.9166666666666667,0.9734848484848484
44,1.0,0.974074074074074
45,1.0,0.9746376811594202
46,1.0,0.9751773049645389
47,1.0,0.9756944444444443
48,1.0,0.976190476190476
49,1.0,0.9766666666666666
50,1.0,0.9771241830065358
51,0.9166666666666667,0.9759615384615383
52,0.9166666666666667,0.9748427672955973
53,1.0,0.9753086419753084
54,1.0,0.9757575757575756
55,0.9166666666666667,0.9747023809523807
56,1.0,0.9751461988304091
57,1.0,0.975574712643678
58,0.9583333333333333,0.9752824858757061
59,1.0,0.9756944444444443
60,1.0,0.9760928961748633
61,1.0,0.9764784946236558
62,1.0,0.9768518518518517
63,1.0,0.9772135416666665
64,1.0,0.9775641025641024
65,1.0,0.9779040404040402
66,1.0,0.978233830845771
67,1.0,0.9785539215686273
68,1.0,0.9788647342995168
69,1.0,0.9791666666666665
70,1.0,0.9794600938967135
71,1.0,0.9797453703703702
72,1.0,0.9800228310502281
73,1.0,0.9802927927927927
74,1.0,0.9805555555555554
75,1.0,0.9808114035087718
76,1.0,0.981060606060606
77,1.0,0.9813034188034186
78,0.16666666666666663,0.9709915611814346
79,1.0,0.9713541666666666
80,1.0,0.9717078189300411
81,1.0,0.9720528455284553
82,1.0,0.9723895582329317
83,1.0,0.972718253968254
84,0.8333333333333334,0.9710784313725489
85,1.0,0.9714147286821704
86,1.0,0.971743295019157
87,1.0,0.9720643939393938
88,1.0,0.972378277153558
89,1.0,0.9726851851851851
90,0.16666666666666663,0.9638278388278387
91,1.0,0.9642210144927535
92,1.0,0.964605734767025
93,0.9166666666666667,0.964095744680851
94,1.0,0.9644736842105263
95,1.0,0.96484375
96,1.0,0.9652061855670103
97,1.0,0.9655612244897959
98,0.16666666666666663,0.9574915824915825
99,1.0,0.9579166666666667
