episode,reward,mean_reward
0,0.9999998878641284,0.9999998878641284
1,0.13999941435931773,0.5699996511117231
2,0.06666666666666665,0.40222198963003764
3,0.03333333333333336,0.3099998255558616
4,0.9666666666658587,0.44133319377786095
5,0.13999941514678138,0.39111089733934773
6,0.13818594980560261,0.35497876197738415
7,0.8666621732971329,0.4189391883923527
8,0.7333333333333334,0.45387187116357275
9,0.7359500250901805,0.4820796865562335
10,0.2666666650787224,0.46249668460373256
11,0.06666666666666665,0.4295108497756437
12,0.03333333333333336,0.3990356562031583
13,0.03333333333333336,0.3729140617124565
14,0.9666665545973022,0.4124975612381129
15,0.06666666666666665,0.39088313032739747
16,0.9666666666666667,0.4247527501120604
17,0.03333333333333336,0.40300722695768665
18,0.03333333333333336,0.3835507062406154
19,0.03333333333333336,0.36603983759525127
20,0.06666666666666665,0.35178397231293773
21,0.7000000000000001,0.36761197357144054
22,0.7333333469796295,0.38351290285005746
23,1.0,0.4091998652313051
24,0.03333333333333336,0.3941652039553862
25,0.2666666666665927,0.38926141405966336
26,0.06666666666666665,0.37731346045251535
27,0.03333333333333336,0.36502845591254457
28,0.8175582990397628,0.380632933261759
29,0.03333333333333336,0.36905627993081147
30,0.13999999996695545,0.3616673676739129
31,0.06666666666666665,0.3524485957674364
32,0.06666666666666672,0.3437885373098373
33,0.03333333333333336,0.3346575018987637
34,0.03333333333333336,0.3260482399397514
35,0.0,0.3169913443858694
36,0.0,0.30842401075381887
37,0.06666666666666665,0.30206197538310436
38,0.9666665538518807,0.3191031184207653
39,0.9661946653512858,0.3352804070940283
40,0.03333333333333336,0.3279158443193772
41,0.03333333333333336,0.3209019750101857
42,0.03333333333333336,0.31421433218049144
43,0.03333333333333336,0.30783067311578327
44,0.03333333333333336,0.30173073223172886
45,0.0,0.2951713684875608
46,0.7993766239261828,0.30589913987987194
47,0.03333333333333336,0.300220685576819
48,0.8842249657064288,0.31213914027334166
49,0.03333333333333336,0.3065630241345415
50,0.03333333333333336,0.30120557921687074
51,0.7333787107717059,0.30951660097754063
52,0.9995135552917241,0.3225354114362988
53,0.06666666666666665,0.3177971013479723
54,0.02106896934343494,0.31240204440243524
55,0.0,0.3068234364666775
56,0.03333333333333336,0.302025364481882
57,0.03333333333333336,0.2973927432551829
58,0.1399999999998872,0.29472506964068634
59,0.03333333333333336,0.2903685407022305
60,0.1399994010214268,0.2879034728386108
61,0.06666666666666665,0.2843351372551923
62,0.03333333333333336,0.2803509816373851
63,0.03333333333333336,0.2764913308826343
64,0.03333333333333336,0.2727504386126451
65,0.0,0.2686178562094232
66,0.03333333333333336,0.26510614691276513
67,0.9969224882281565,0.2758681519321091
68,0.9999999999990674,0.28636281639684763
69,0.7485840133225459,0.29296597635292904
70,0.0,0.28883969499584555
71,0.03333333333333336,0.28529099552831066
72,0.9999999999990674,0.2950815298361293
73,0.0,0.2910939415951005
74,0.03333333333333336,0.28765713348494365
75,0.9328613320179299,0.29614666241300924
76,0.03333333333333336,0.2927335022950914
77,0.9666666666659296,0.3013736710690765
78,0.7333334369598954,0.30684151620693495
79,0.7333333333333334,0.31217266392101495
80,0.7333333333644968,0.3173721783585888
81,0.06666666666666665,0.3143147940696629
82,0.03333333333333336,0.31092947526561077
83,0.13999999809448083,0.30889460053738305
84,0.03333333333333336,0.3056527032761589
85,0.9999999999679136,0.3137265090516444
86,0.7333333333333335,0.31854957599741096
87,0.06666666666666665,0.3156872702095616
88,0.13685998626733883,0.3136779748843681
89,0.33333333333332194,0.31389636775602314
90,0.03333333333333336,0.31081325748764194
91,0.03333333333333336,0.3077971713555299
92,0.13999999999999005,0.30599290069579294
93,0.06666666666666665,0.3034468769295256
94,0.0,0.30025269927763587
95,0.8350117431357851,0.3058231059844916
96,0.03333333333333336,0.3030139330705621
97,0.15088635208798032,0.3014616108156378
98,0.8157750342935528,0.3066566959012733
99,0.7333333333334044,0.31092346227559464
