episode,reward,mean_reward
0,-5.0,-5.0
1,-5.0,-5.0
2,-5.0,-5.0
3,-5.0,-5.0
4,-5.0,-5.0
5,1.0,-4.0
6,-5.0,-4.142857142857143
7,1.0,-3.5
8,1.0,-3.0
9,1.0,-2.6
10,-5.0,-2.8181818181818183
11,-5.0,-3.0
12,1.0,-2.6923076923076925
13,1.0,-2.4285714285714284
14,1.0,-2.2
15,0.0,-2.0625
16,1.0,-1.8823529411764706
17,1.0,-1.7222222222222223
18,-5.0,-1.894736842105263
19,1.0,-1.75
20,-5.0,-1.9047619047619047
21,-5.0,-2.0454545454545454
22,1.0,-1.9130434782608696
23,1.0,-1.7916666666666667
24,-5.0,-1.92
25,1.0,-1.8076923076923077
26,1.0,-1.7037037037037037
27,-5.0,-1.8214285714285714
28,-5.0,-1.9310344827586208
29,1.0,-1.8333333333333333
30,1.0,-1.7419354838709677
31,-5.0,-1.84375
32,1.0,-1.7575757575757576
33,1.0,-1.6764705882352942
34,1.0,-1.6
35,1.0,-1.5277777777777777
36,-5.0,-1.6216216216216217
37,-5.0,-1.7105263157894737
38,1.0,-1.641025641025641
39,1.0,-1.575
40,1.0,-1.5121951219512195
41,1.0,-1.4523809523809523
42,1.0,-1.3953488372093024
43,-4.634655355583158,-1.4689694398996174
44,1.0,-1.4141034523462925
45,1.0,-1.3616229425126776
46,1.0,-1.3113756458634716
47,1.0,-1.2632219865746492
48,1.0,-1.2170337827670032
49,1.0,-1.1726931071116633
50,1.0,-1.1300912814820228
51,1.0,-1.0891279876073685
52,1.0,-1.0497104784072295
53,1.0,-1.0117528769552437
54,1.0,-0.9751755519196939
55,1.0,-0.9399045599211279
56,-5.0,-1.0111343044839152
57,1.0,-0.9764595750962615
58,-5.0,-1.0446551755183586
59,-4.0,-1.0939109225930528
60,1.0,-1.0595845140259534
61,1.0,-1.0263654089610188
62,-5.0,-1.0894389738981454
63,-5.0,-1.150541489930987
64,1.0,-1.1174562362397409
65,1.0,-1.0853735659936843
66,-5.0,-1.1438008262027337
67,-5.0,-1.2005096375821054
68,1.0,-1.1686181935591762
69,1.0,-1.1376379336511881
70,-4.0,-1.1779528923321572
71,-5.0,-1.231036879938655
72,-5.0,-1.2826665117203173
73,-5.0,-1.3329007480484212
74,-5.0,-1.3817954047411087
75,-5.0,-1.4294033599418838
76,-5.0,-1.4757747448777034
77,-5.0,-1.5209571199433738
78,-5.0,-1.5649956374124452
79,-5.0,-1.6079331919447895
80,1.0,-1.5757364858713971
81,-5.0,-1.617495797019307
82,-5.0,-1.6582488597058211
83,1.0,-1.6266030399474185
84,1.0,-1.595701827712743
85,-4.0,-1.6236587832044553
86,1.0,-1.5935017856963583
87,1.0,-1.5640301744952632
88,1.0,-1.5352208466919457
89,1.0,-1.5070517261731462
90,1.0,-1.4795017072042105
91,-5.0,-1.5177679929954693
92,1.0,-1.4906952188772382
93,-5.0,-1.5280282484636507
94,-5.0,-1.5645753195324543
95,1.0,-1.5378609932873246
96,1.0,-1.51169747789261
97,-4.318779801147109,-1.5403411750686764
98,1.0,-1.5146811631992958
99,-5.0,-1.5495343515673028
