episode,reward,mean_reward
0,0.888888888888889,0.888888888888889
1,0.888888888888889,0.888888888888889
2,0.888888888888889,0.888888888888889
3,0.888888888888889,0.888888888888889
4,0.888888888888889,0.888888888888889
5,0.888888888888889,0.888888888888889
6,0.888888888888889,0.8888888888888891
7,0.888888888888889,0.8888888888888891
8,0.888888888888889,0.8888888888888891
9,0.888888888888889,0.8888888888888891
10,0.888888888888889,0.8888888888888892
11,0.888888888888889,0.8888888888888892
12,0.888888888888889,0.8888888888888892
13,0.888888888888889,0.8888888888888892
14,0.888888888888889,0.8888888888888892
15,0.888888888888889,0.8888888888888892
16,0.888888888888889,0.8888888888888892
17,0.888888888888889,0.8888888888888891
18,0.888888888888889,0.8888888888888891
19,0.888888888888889,0.8888888888888891
20,0.888888888888889,0.8888888888888891
21,0.888888888888889,0.8888888888888892
22,0.888888888888889,0.8888888888888892
23,0.888888888888889,0.8888888888888892
24,0.888888888888889,0.8888888888888892
25,0.888888888888889,0.8888888888888892
26,0.888888888888889,0.8888888888888892
27,0.888888888888889,0.8888888888888892
28,0.888888888888889,0.8888888888888892
29,0.888888888888889,0.8888888888888892
30,0.888888888888889,0.8888888888888892
31,0.888888888888889,0.8888888888888892
32,0.888888888888889,0.8888888888888892
33,0.888888888888889,0.8888888888888892
34,0.888888888888889,0.8888888888888892
35,0.888888888888889,0.8888888888888891
36,0.888888888888889,0.888888888888889
37,0.888888888888889,0.888888888888889
38,0.888888888888889,0.8888888888888888
39,0.888888888888889,0.8888888888888887
40,0.888888888888889,0.8888888888888887
41,0.888888888888889,0.8888888888888886
42,0.888888888888889,0.8888888888888885
43,0.888888888888889,0.8888888888888885
44,0.888888888888889,0.8888888888888884
45,0.888888888888889,0.8888888888888884
46,0.888888888888889,0.8888888888888883
47,0.888888888888889,0.8888888888888883
48,0.888888888888889,0.8888888888888882
49,0.888888888888889,0.8888888888888882
50,0.888888888888889,0.8888888888888881
51,0.888888888888889,0.8888888888888881
52,0.888888888888889,0.8888888888888881
53,0.888888888888889,0.888888888888888
54,0.888888888888889,0.888888888888888
55,0.888888888888889,0.8888888888888878
56,0.888888888888889,0.8888888888888878
57,0.888888888888889,0.8888888888888878
58,0.888888888888889,0.8888888888888877
59,0.888888888888889,0.8888888888888877
60,0.888888888888889,0.8888888888888877
61,0.888888888888889,0.8888888888888877
62,0.888888888888889,0.8888888888888876
63,0.888888888888889,0.8888888888888876
64,0.888888888888889,0.8888888888888876
65,0.888888888888889,0.8888888888888875
66,0.888888888888889,0.8888888888888875
67,0.888888888888889,0.8888888888888875
68,0.888888888888889,0.8888888888888875
69,0.888888888888889,0.8888888888888875
70,0.888888888888889,0.8888888888888874
71,0.888888888888889,0.8888888888888874
72,0.888888888888889,0.8888888888888875
73,0.888888888888889,0.8888888888888875
74,0.888888888888889,0.8888888888888874
75,0.888888888888889,0.8888888888888874
76,0.888888888888889,0.8888888888888874
77,0.888888888888889,0.8888888888888874
78,0.888888888888889,0.8888888888888874
79,0.888888888888889,0.8888888888888873
80,0.888888888888889,0.8888888888888873
81,0.888888888888889,0.8888888888888873
82,0.888888888888889,0.8888888888888873
83,0.888888888888889,0.8888888888888873
84,0.888888888888889,0.8888888888888873
85,0.888888888888889,0.8888888888888872
86,0.888888888888889,0.8888888888888872
87,0.888888888888889,0.8888888888888872
88,0.888888888888889,0.8888888888888872
89,0.888888888888889,0.8888888888888872
90,0.888888888888889,0.8888888888888872
91,0.888888888888889,0.8888888888888872
92,0.888888888888889,0.8888888888888871
93,0.888888888888889,0.8888888888888871
94,0.888888888888889,0.8888888888888871
95,0.888888888888889,0.8888888888888871
96,0.888888888888889,0.8888888888888871
97,0.888888888888889,0.8888888888888871
98,0.888888888888889,0.8888888888888871
99,0.888888888888889,0.8888888888888871
